0
0.00001257
0.00001852
0.00001120
0.00001248
0.00001425
0.00001343
0.00001137
0.00001246
0.00001415
0.00001407
0.00001573
0.00001390
0.00001237
0.00001164
0.00001169
0.00001397
0.00001473
0.00001268
0.00001114
0.00001232
0.00001233
0.00001489
0.00001351
0.00001248
0.00001597
0.00001554
0.00001505
0.00001509
0.00001358
0.00001332
0.00001208
0.00001076
0.00001204
0.00001137
0.00001074
0.00001015
0.00001646
0.00001977
0.00002009
0.00001066
0.00001993
0.00001109
0.00001085
0.00001947
0.00001052
0.00001000
0.00001052
0.00001266
0.00001080
0.00001053
0.00001029
0.00001071
0.00001290
0.00001350
0.00001162
0.00001093
0.00001125
0.00001183
0.00001293
0.00001366
0.00001120
0.00000988
0.00001660
0.00001181
0.00001087
0.00000997
0.00001090
0.00001031
0.00001113
0.00001174
0.00000997
0.00001076
0.00001030
0.00001687
0.00001804
0.00001767
0.00001696
0.00001466
0.00001846
0.00001878
0.00002062
0.00002090
0.00001732
0.00001678
0.00004051
0.00001969
0.00004327
0.00004690
0.00005031
0.00004280
0.00004183
0.00004226
0.00004183
0.00004472
0.00004783
0.00004685
0.00004237
0.00003926
0.00004031
0.00004563
0.00004846
0.00004440
0.00004347
0.00004131
0.00004329
0.00004717
0.00004856
0.00004287
0.00003909
0.00004476
0.00004579
0.00006160
0.00008187
0.00006945
0.00006746
0.00006341
0.00005458
0.00005570